   Name = 'Product 9',
   Price = 117.44696,
   X = 279.67508,
   Y = 815.0765,
   Z = 29.225708,
   Weight = 0.0
