   Name = 'Product 2',
   Price = 281.61603,
   X = 325.47684,
   Y = 115.9448,
   Z = 306.0085,
   Weight = 39.720715
