   Name = 'Product 6',
   Price = 724.60864,
   X = 714.98444,
   Y = 804.43536,
   Z = 607.8715,
   Weight = 0.0
