   Name = 'Product 3',
   Price = 49.06857,
   X = 262.2028,
   Y = 855.00885,
   Z = 782.6561,
   Weight = 0.0
