   Name = 'Product 8',
   Price = 475.56717,
   X = 972.50635,
   Y = 97.45282,
   Z = 312.2241,
   Weight = 0.0
