   Name = 'Product 7',
   Price = 467.57013,
   X = 523.9475,
   Y = 98.74922,
   Z = 653.4411,
   Weight = 0.0
