   Name = 'Product 5',
   Price = 848.8248,
   X = 924.8185,
   Y = 979.01086,
   Z = 808.0195,
   Weight = 419.38144
