   Name = 'Product 1',
   Price = 657.2222,
   X = 510.51038,
   Y = 758.4252,
   Z = 13.207674,
   Weight = 232.337
