   Name = 'Product 4',
   Price = 418.68192,
   X = 396.27338,
   Y = 402.16266,
   Z = 289.32135,
   Weight = 62.07359
